"x1" "x2" "x3"
9.79368900911716 2.88374418374419 12.5126290135086
7.37153936875672 1.0570397115659 12.1122418893501
10.3747170787195 2.71382942449294 10.0817032633349
10.7109798187413 0.359860133946004 9.81783269252628
9.49458154542397 6.15978769668239 11.3575497483835
9.05950393956687 0.616931833662888 11.115422510542
13.1764234429377 1.4292078269408 10.7769445097074
10.7164848257573 0.512092497808944 11.401141169481
13.2134437189175 3.57804087058775 12.8111030403525
7.58957489046601 0.756897978628126 10.7251731529832
8.557717494279 2.10399262146871 11.4415009245276
8.67467638413219 0.670616601413368 10.1459856778383
8.59788355855361 2.50298449662093 11.7490742998198
11.3736716325379 1.99454019729898 11.0681748380885
12.6143273089877 1.82799242093499 12.8298595668748
7.51565236995991 1.52695910095936 9.3005517013371
5.56980891686941 0.835367577691763 12.8525632349774
10.502662756062 0.476897547691981 9.90096922032535
10.99019502849 1.62722771383161 11.951761440374
11.2783647657217 0.228532636723069 10.3419158002362
5.75995480746919 0.528396391401973 11.9827398397028
11.4065046699846 6.90183967737142 10.7922784537077
12.4142608987016 1.30757032211308 9.257214714773
9.42062528320584 0.314968756286701 12.7608219543472
10.033992348931 0.223931449886581 12.4047272317111
6.15730525108358 20.6498917588239 9.94564669486135
7.36053616515217 2.12808086541766 11.5762363728136
9.83104041687964 1.48636597088317 9.28902774862945
9.20940728299325 4.13409171495573 10.4635679572821
10.5469007204232 1.34213549734614 9.36095218267292
7.31226601274835 2.13087676466296 11.9007359007373
9.6534478959639 3.78981919527763 10.2438627602533
9.601396230134 0.523639841258065 10.0548838181421
11.0940561240575 1.50514009241934 12.8934132736176
7.58014791400524 2.12364200510988 9.40543974656612
8.08207631386854 0.50236719118536 12.7885061642155
8.27699126162441 1.08999138697289 10.8148452416062
7.60308908417152 0.163844272388399 10.1996728759259
12.4051151907742 0.473905594910382 12.4114060821012
9.98900668596547 4.97222020211025 11.0337472949177
12.2920171487696 2.65565144862193 9.61990280821919
9.24301253027997 0.2712314539373 10.8962268214673
10.0550080173433 2.10859520332956 10.4362820992246
7.0006787224605 0.666267803713395 12.5895645096898
6.77862514434363 0.744496546221637 10.7333880010992
9.99542101309417 12.1848034320555 9.5192449381575
10.0192167768969 0.516410156682779 12.7307229470462
9.6510919308202 1.63969009006 9.57650184817612
8.74613001268588 2.09367073748155 9.14231937937438
15.001638850101 0.905994065275051 11.2937067840248
10.4877852836663 1.44085167439539 9.10393474064767
13.178123906657 4.22612129434852 11.4026593770832
7.95464949933966 0.90673889599168 11.9708170518279
14.0275630478123 5.70403528144316 12.2136091459543
8.38793051922194 2.05558578396947 11.7569620301947
12.0037607543826 1.44893162768796 11.5853918846697
10.3195338130052 3.24861713607037 12.4247886100784
8.37732358177958 2.19187607166173 11.3382093636319
13.1471701713192 4.33820789672617 10.9414122067392
10.6714408441888 0.277392036263922 9.35064698196948
11.2417824990243 1.853691491383 10.5729869566858
5.65389227464678 1.47793016502748 10.844105521217
5.55338315625518 2.63224311137143 10.605584054254
8.99725583839514 0.28020431254021 12.0793919796124
6.86644127036678 2.02396983549158 11.5312271434814
9.31675012522744 0.2076957620277 12.1957744602114
9.43414705371538 0.855010243592571 12.8242790801451
6.87547746419985 9.13180866197408 9.40196877252311
9.32061477843682 1.29629177110835 11.9660830581561
13.6612987630702 0.507753487439097 9.36501038074493
14.2821379383535 0.657390788185254 9.89005824550986
9.60947010019063 1.89275088925434 12.8777599651366
7.53870527348849 0.344771576849138 11.0869782436639
13.1110479801648 0.935806164100411 10.1669354829937
8.36393125863226 1.68290747035958 11.0285249575973
12.6698353928307 0.493823145585657 10.5658882884309
10.6435853195463 1.5040876392511 10.9955555610359
6.56684750568603 1.98185772946778 12.7788881389424
12.1052912728635 0.458950081603049 10.7616490619257
8.75750536438385 1.42669809471937 9.86640838067979
7.29478392231027 1.08169662222122 9.24171334970742
8.32485400177462 0.316400291349037 9.1820559008047
12.6827770102396 0.236246504073969 12.3673516064882
15.0585991205293 0.502846703806327 10.3897364391014
7.89185225152225 1.54713752430024 10.6945392172784
6.94872695944101 0.515932775979072 12.5324215264991
12.0216314319644 0.513856650835167 9.63697625882924
9.61256812277552 0.332799827840755 11.3556805411354
12.8521620335123 0.230265625464074 9.31914631184191
12.2035167666263 1.67303557403724 10.913106947206
10.6467738808463 0.308637995745528 11.1792250070721
9.30540681210565 0.766202869027821 12.5485573913902
8.17633208490313 0.835156594285245 10.9309093384072
6.086580119222 1.39402375934351 9.66365759074688
13.6618754444489 0.342665549959779 12.3629782190546
10.0821210909105 0.327406431168282 11.3443896621466
11.1952578489373 11.9053350946854 10.1809712518007
7.86680559885198 0.509671133936153 9.78016921225935
7.52090794178621 0.999310773604445 9.59347883611917
11.0253601553189 0.326435821347101 12.0459273690358
9.66008244236972 4.25448085454283 11.7555349720642
10.0164737865124 0.843146007668086 10.7945835515857
11.9326110336217 0.855343807770958 12.9527513943613
9.97216084447008 0.665258058990486 11.798363504
10.1804730628425 2.39454665370939 10.2058033496141
9.12420824078766 1.81872339423806 10.5460983328521
12.8156403891684 0.909142754930213 12.1121208341792
10.0163186745586 0.696070924346382 12.1124688321725
8.98704503642222 0.0972338659513079 12.9370915200561
5.11398689923202 1.21426045551936 11.2630683816969
9.24738129400274 0.39852059134576 11.4564702669159
9.16932527736925 1.40897058722678 11.210955102928
12.4451402591876 2.40655425245225 10.5769417397678
11.4378803658103 0.558188037966976 12.4000980909914
7.81418171332143 0.551420943368974 12.6906770840287
12.9545612993207 2.42253350434377 9.71777551155537
10.7937950944556 0.326884706944649 11.001226731576
10.2800197001087 2.73229033965821 9.02595523651689
10.0906670886117 0.774890156674431 9.30359521321952
12.0070670212862 0.231472027857572 10.3744805343449
10.1745376677102 0.584455078237572 10.2938913274556
5.70221194070988 5.33037412901479 11.9574810722843
8.73116387133557 1.87767192855905 11.3856880003586
8.02751677176056 0.377583843137267 12.1649128934368
12.3832400503126 0.840286372833797 11.6012368248776
9.38811666150744 7.33236498707917 11.7297167209908
11.3603906307671 0.399444088704042 12.2855197796598
11.3643155785361 0.439399844293008 11.4720831029117
13.054870534092 1.17626308515821 11.6975189475343
12.8149880684392 1.88549616494896 9.50258152000606
11.1629027236826 0.467054582442066 9.6965435128659
8.84411619232804 0.915453986858932 10.4377799257636
7.8020772153851 3.99180853826999 10.0197026561946
10.0745293970646 1.66760588908484 10.9429181320593
10.4921320385778 4.63640465117458 12.1150604439899
9.46372424009748 3.8493897176097 12.3445898918435
9.32327396188647 1.2754935612967 9.65977344568819
8.70470437454312 0.700094384298374 12.2584902541712
8.72424050340064 1.93569309689157 10.6065247282386
10.5313346044308 2.63683043836834 9.00513655133545
9.43764638516679 0.289538941581266 11.6588251087815
9.38333030115192 10.9973386540105 10.9831706825644
13.1372643446945 0.791625802483513 9.4662111569196
9.02180187446146 3.622572979636 12.7255178997293
14.5976688712011 0.435495954537002 9.10546945687383
13.2532239667131 1.56541589099818 11.6151686739177
8.90952896383451 0.463724811443 11.2942776698619
11.6580610153508 0.779519897187576 11.4049897454679
12.4495629475422 1.60571957990573 11.6046663932502
11.0080474191658 0.545426085496092 10.1247298670933
11.3403192429356 0.721077244894045 11.7319889646024
10.7418603854142 5.46202047688953 10.4681846471503
8.39079745981056 3.08249256224719 9.47471628710628
9.55384198810181 0.866357439720986 12.5164094492793
8.55984635434549 15.4703806377892 11.5624832306057
12.5156419041741 1.78372552838661 12.4505453063175
10.6992293475029 0.849256830791339 12.8455404723063
10.1843040754679 1.90963572418524 12.1924073081464
8.60019156123444 1.28017743698749 10.4321611141786
10.7370664352893 0.234490548507845 10.4715900374576
9.12377658047731 0.251547368580322 11.0064110551029
11.4946841622284 0.278406464473281 12.5112854428589
12.7737882915196 0.663041603189682 9.47425080835819
13.867883229556 1.56597180056731 10.9896523486823
10.6785790459324 0.343596654818799 12.7834280617535
7.69604436388165 0.873991328352396 11.8542986866087
8.15851092128052 0.49752593181619 12.4279894083738
11.567067337301 0.421435629491602 10.7135474998504
13.9088538321425 0.677840423641173 12.247816295363
10.9765973367886 3.18380752244422 12.0663390383124
10.5783056104797 0.325444574038869 10.7929652193561
12.3562927698722 8.8250463119076 12.9261274943128
12.3224961652389 2.39905479094416 9.48167083598673
10.1825402778223 0.292915954707779 12.3038961524144
10.1232563837272 0.297340873623564 12.5763447042555
9.41169335685659 1.83211956627948 11.2316132821143
10.1642088018539 1.70121602374882 9.83082109224051
7.8961249535291 0.27576770973013 11.4283634172752
12.2527483793456 0.269937986402775 11.5827927924693
8.9996152605545 5.76541011029076 12.9607126200572
9.92699160178008 0.716748489701359 12.6740047447383
5.68792658727858 1.66686896452082 9.86733982991427
13.3261827847087 0.529493096430131 9.32952218037099
8.92155768894296 0.182839778630598 10.8121601929888
9.98908287755813 0.830493206700136 12.0549035556614
10.658190369229 4.17578489159723 10.1931484015658
9.7537101355439 1.34248364492839 12.2193439733237
9.53650227372199 0.279226903711078 10.9281842065975
12.9615184708739 6.75339551262209 11.7531139440835
7.96170719105911 4.81907520170271 12.4468168802559
11.1100313895714 1.22176194925075 11.3412724835798
9.74807882341804 0.318283884561981 12.0262862006202
5.94341760839653 1.35917802659549 10.0765272248536
13.1066549919437 3.56938853010196 12.1308417990804
12.0861055009984 3.1713943679452 10.6445155674592
8.37036871348982 0.436827882055018 11.3911933349445
8.94216436444631 0.251628344761404 10.2135356953368
12.2418142108729 2.95015314672973 10.0089696086943
12.3119128582006 0.122367815942837 9.32846353575587
11.5262228424776 0.480018017621859 9.82561189681292
9.88656345943484 0.155558919272132 10.1216025343165
9.15821007380137 0.931909758584375 9.93605265580118
10.2199349972202 1.42954063180499 10.3767338795587
6.87657613753867 0.379579137481636 11.1040369952098
10.0337391016514 2.21462800670576 12.0815184153616
12.3199968145183 1.05799116883956 12.2883076984435
8.28067097394418 3.69158524344984 9.95600685570389
12.9904902525117 2.61572502150273 11.7541514858603
8.89348026649476 0.832099907334974 9.4744079252705
9.57256022378918 2.33465893173354 11.701502609998
11.2813090694049 0.181757865699531 11.1358691016212
8.98495097246937 1.19345029469713 11.0727154500782
10.2384643253082 0.95340050025771 9.82929868996143
10.8989917343769 0.57053834946711 10.7001542523503
7.35875732923992 0.485102983120779 12.987913697958
7.49490289831404 1.32411933690748 12.2624109704047
10.0583825325555 0.323681578907522 11.6107865627855
9.99089096192339 0.432456752256265 9.47873071394861
10.0307951887256 1.86852009849666 12.1563913170248
9.59046991134794 0.396218105266277 12.5957867549732
8.7672700285617 0.508899753040266 12.9658485529944
13.9734885455716 1.01407729897506 10.4747536992654
9.63803741272719 1.32190251342348 12.8049237076193
9.51179579695245 1.58049948681135 12.0634319139645
9.82925478385794 0.0482561725205256 9.7310042893514
13.3331006167218 0.442893073146169 9.62965252716094
9.56123359426793 1.36594653802096 12.7780579766259
12.4118718544707 0.311934422114093 11.7249589944258
11.5580814076533 0.165135002334431 10.3935164129362
9.06364340787371 5.82621397563808 9.76462631579489
10.4895809134409 0.673048297267886 9.87831004802138
8.36760693751013 2.16382817831646 9.79393052775413
12.4575443032111 0.671205287184574 11.1518220221624
10.4525259743515 1.0489309952419 12.5318123036996
13.5095261371321 4.51944144857885 11.3857946945354
10.5973689268963 0.182658599618496 10.2998545207083
11.2077878700518 0.492806729979368 10.0724131530151
8.01255056126988 0.819938807745559 10.3876379523426
15.0783465903681 3.32919944759866 10.0909259328619
12.5379251752764 0.278242781621441 11.9390913061798
7.950758306994 12.4670886043657 11.0634052921087
9.42151380823858 1.26491197523415 10.5170879401267
8.36678097472994 1.65193174686602 12.7056027753279
8.42292056325912 0.598936674530731 9.81539958156645
6.7934243682001 1.1460061717039 9.49493528902531
9.45830519708566 1.33899963393287 11.032722523436
9.91016457956908 0.156695384998746 10.7644184809178
9.44182819368426 1.00168352894039 12.5882279425859
9.73069390734875 0.94354861560204 11.9280540747568
7.9725054708632 0.266993734290073 11.8051546784118
11.8903784611168 0.0726782322512039 11.2804009569809
9.99655296758411 9.86757330535184 11.2407450797036
12.4503348696283 0.368938501802001 11.6490875259042
8.51268652495943 0.558470566485721 10.7991298241541
11.3509227330693 0.70067287506439 9.04576409049332
9.12873106888559 0.900269959682758 11.8479182552546
11.122091424059 0.552912140519263 12.4453397626057
8.41886384268199 3.06394173792786 10.9304343070835
9.22675424301589 0.351338852277245 11.1004075556993
11.8242741695284 1.8118408218832 12.1969359312207
12.6274698542438 1.91955565969325 11.3307678811252
10.5465701027999 0.881385186469915 11.0732734389603
8.51915593810523 1.31305829434252 12.057761117816
9.31250533149006 3.96437528152556 11.6494290037081
9.16642253170128 0.772750999610705 10.2175651984289
10.7009633226596 1.47162582744996 10.814907646738
12.5013163036985 6.30546634535758 10.7454871470109
8.31271418469862 0.689436920799084 11.327075375244
12.23309931393 0.430485958767913 10.2678901078179
10.3766174798241 1.28186834153597 9.245899499394
8.63429482206931 0.869400073479792 12.2204400971532
12.1076457718976 0.787442639868928 9.36239998601377
8.46224648716353 0.298413665210873 9.21212726086378
9.41419772478859 0.744609672994142 11.9442757042125
10.2066505802853 2.76910408212194 9.62784892041236
10.1096151211377 0.244682960169481 11.0059621063992
9.08065988134446 2.07743060645965 12.7296057185158
10.5333681005606 3.02633616214349 11.5932253282517
9.18933057842145 0.467465785624681 11.9326918115839
7.13295207647694 0.709726860926052 9.27187417820096
9.94032570739001 0.731684264674858 12.5876487605274
12.7921089312351 1.45572689026214 9.74261303246021
11.4111407065152 0.252433772455523 12.5126074384898
11.8380900077372 1.07900355447136 11.902220916003
13.0738445309384 0.783110765083015 11.1703841555864
9.19634098504719 0.793971757478904 12.8013735460117
13.9823678240271 2.92059773913435 9.38247163407505
11.2157565123923 3.20937826697174 11.4827627213672
7.7562462128595 0.387411050110224 11.2123013082892
8.74169324104972 3.17656922384805 10.779009597376
8.26172676223852 0.393085048351954 11.1782819824293
7.79507589922461 1.02249232699719 12.4266561521217
9.8136544411806 0.201705765203566 10.6816675895825
11.556829462179 0.500450849899079 12.5119535122067
11.5364468482167 0.53336490694354 11.7889139913023
11.0906606702311 1.75606088266592 11.7801782367751
9.85217197054459 0.44182598110601 9.72915974073112
11.7807260913661 0.573309914878406 12.8282921565697
10.1183313224483 0.769645780860335 11.6546159610152
12.6510875452054 0.400977692374659 9.62818959262222
12.7760885258281 0.162635580110617 9.15066427644342
7.53776160977502 0.824334478997287 11.2762433625758
14.3205830544745 0.823299262463191 12.0801465334371
9.85045411654394 0.4250896757564 11.4493547230959
12.1275946527179 2.20339825958976 10.032127564773
8.44477095329627 0.289196043144958 10.0945040462539
7.61735300730903 0.570427190875148 9.41751540172845
9.71436887710877 1.51985707542709 10.7794425264001
11.8022330195517 0.264028914444557 11.3055381607264
12.6116230168445 0.318176009569764 11.3713623350486
9.38961645995963 0.806879726316938 12.8133030394092
11.5698038783605 0.790400914711923 11.758415534161
12.5708898938185 0.58346863640321 9.58492903597653
7.81298868247473 0.575696920281883 11.3613668726757
3.47896694184565 0.520837662449254 10.0654380619526
11.5656946991916 0.380081429464141 9.85159500967711
11.3310660592559 0.403012182592388 9.71544001810253
10.4748396773378 0.133567601985304 12.4652366647497
12.5028236548261 0.308804234544885 11.9756408277899
8.41031845704146 0.641767928852749 11.3866114504635
7.91707118320111 1.60121935845313 10.4591047596186
11.7031379258157 3.64094171177984 9.17920626699924
7.67499903584182 2.32473393832691 11.2761540859938
6.16833804749897 0.514968064118447 11.1372780473903
13.1713162253952 0.301099834827558 12.5881935181096
7.98661317000128 0.702491928215138 11.5990772200748
9.1185753905761 0.449343432336187 9.46807851735502
4.44833372443881 0.989693957606928 11.9679953549057
8.4993788692214 1.71547780561757 9.51131277810782
8.59634766977677 0.448167820075907 12.0957399010658
8.68825193071193 18.7056740158501 12.3603188488632
10.2488967071051 1.58347854579907 10.7099818969145
8.96311341022506 2.68770781872895 12.8864608928561
9.29967169485613 2.10755405731522 10.9563802182674
11.7517994761574 2.76287358799178 11.0152683174238
8.7656413809076 1.54683119854133 11.4963660901412
11.5852863844855 4.18035535321697 9.66344986855984
8.8883544143291 0.915521880216084 10.2912312941626
9.79240801670745 1.26508614303701 10.0526738073677
10.073904248665 0.955028682879991 9.21318654250354
7.25789161422007 0.393242326490042 12.6332385279238
12.164106790879 0.83634944361214 9.72460983414203
8.18337317753651 0.857857251977424 10.8027665922418
7.19145018334715 0.829761077474316 11.7512673242018
12.8289928279896 0.782911574347227 12.3815894098952
12.7847738094566 1.0393545338149 10.4770424850285
7.96232876949342 1.18332417448666 11.8577325847
9.81631093501907 0.583959712246352 10.787412006408
7.54759117082963 0.430184250710681 12.5950718885288
12.2292167037802 3.83063869591295 10.4887263961136
12.493730598873 0.126367446785006 10.5227828044444
12.1885049607058 1.12572623244737 9.13220963533968
9.95441391680751 1.43934327228391 10.982729579322
10.2031466452467 2.06637944449354 12.7010370902717
8.07784834555062 1.99517285832147 12.9162905197591
10.2891112451533 3.04827925609021 10.6784642124549
12.8872942054516 0.864828712841099 10.4042021343485
9.24024922105336 0.240804671553401 10.076963532716
11.1602534940929 3.07577123532771 11.5309898490086
12.3616963762763 0.690942054913825 9.73554168827832
5.04090907936305 1.41281576032613 10.3780246861279
8.95576968948242 0.503442007702118 12.1012327009812
12.3088159545591 1.25990668611455 10.4474341822788
10.4043305981166 1.88671920556443 12.8137651579455
9.56548272760483 4.26453549013715 12.8065183553845
8.57604599953912 1.9346970828232 9.34661264717579
10.6615838143265 0.257357697643823 9.57267547026277
9.18996622218188 3.07951002700584 12.2326937299222
11.092194478127 4.20853928415558 10.6086754342541
8.97072519250042 1.07665195920844 10.9730437602848
12.5691007668665 1.13458398709996 10.8165050428361
12.6244501408577 0.816922274522484 11.3732162769884
10.5488468086932 2.4655745525024 11.2893316419795
8.30179271400108 1.69310066966417 12.7210813052952
10.479457989265 0.924192001533544 9.23609820753336
11.3311503329409 0.949384567191148 11.4999985722825
7.97391779926008 1.75110230456398 10.4810780119151
12.5790235618367 0.602118086486735 9.57398035097867
9.37059190455999 0.679813857220308 10.5677022030577
11.6427476002445 0.125362338872456 11.7246385375038
7.54392402146682 0.340621203829209 12.211527435109
9.05728567577373 0.467431719786545 12.2741258284077
10.1178643898126 0.510992009573162 10.4764864910394
9.48892877057728 2.68622234916384 11.9168560337275
10.5040311124126 0.905840170481167 12.6665614852682
9.71845070118989 0.388701149455204 11.7936191279441
8.28722893689856 0.366769684433544 11.1231999797747
7.56406756133895 0.710879917526251 9.71539363823831
11.9397386054746 1.4018097280139 10.6905056126416
10.1037075046952 1.3063703087074 9.35187234915793
11.0955696802663 1.14532841456827 10.7402549842373
11.3198385570704 0.466390076986978 10.2394051272422
9.41134896529746 7.04972123432015 11.3715475592762
9.37751033842808 1.74934982520367 9.13235332164913
9.2334607567952 0.48501207033301 12.2777078486979
12.1280371246705 0.172294400710494 11.1393735138699
10.2090565984936 0.336914163143379 9.58760583773255
8.17453498493023 1.22382424798954 10.6605181796476
7.72454776181564 0.788495815604125 11.4589300630614
11.4760141517599 7.00541753813179 9.65279594063759
10.7937174926047 0.832231768193882 12.0531132696196
9.76643815878148 0.408265100474052 9.81854687817395
9.2752140429772 2.81560301273176 11.7111188638955
11.0984487784973 1.86159722235275 12.4955014018342
7.90740868710652 3.14438643460718 11.9857719382271
10.5693858544493 1.96693183710173 10.6336014596745
10.2590021656551 0.611671732576363 9.03155422024429
11.0344371487778 1.6105460003416 9.03573948703706
12.0110471054389 0.619333331135419 9.34034151211381
7.88206214502074 1.35390525909365 11.1482402449474
11.8834570392226 0.886648181985043 12.9084333693609
7.46891096413782 0.208242122756335 10.4963093465194
11.7557438267513 1.46026043491482 12.4412289820611
11.3855219006877 2.08915066450324 10.2755897641182
11.6297917469457 1.67694775545515 10.3568065827712
10.0147387623801 0.308603079958699 9.62127781379968
9.80627052394059 0.105428313942066 10.1601197570562
12.8479588196828 0.363018996957822 9.32441928144544
11.6101772148131 0.985993098041867 9.86755555402488
10.4344303758905 2.92534674941732 12.2425954388455
12.2807802935885 3.77142349172684 11.2676296047866
10.8720629672528 0.279966955746324 10.8455444648862
9.5911606692137 2.31528302596486 12.9115417934954
9.02182026240877 0.166399285293274 12.7063212897629
11.0762251326193 1.65213603730731 9.53877818863839
7.2946799156357 1.1514823491068 12.1344756167382
5.91668384936087 0.167822666748609 12.876443490386
13.2467942811732 0.356054978831257 10.8337111901492
6.8361688689826 0.4567587848164 9.57092731911689
13.5246109797575 2.33697259909976 12.1978334663436
10.7773809008734 3.36899305043978 10.6757124299183
10.6966750046132 1.97121250894591 10.8224161481485
11.188953618854 0.650249378095641 11.8432530555874
13.1170651695385 1.55933770272488 11.1350358501077
8.16033613963764 0.419552607478583 11.4022816549987
9.04774955161181 0.749583266597841 10.6642180997878
9.50051163357843 0.532211896089823 12.0987127497792
9.30301407990928 0.272102916421961 11.183105061762
11.3896259188465 2.28266544587272 11.7971875397488
11.4653296342183 0.783589141484961 12.0922246631235
7.56310202645447 1.38958612132873 11.8250357909128
13.8620487238549 0.907281785978478 11.7314054211602
9.21897530017548 1.64316609778446 9.76609946507961
9.34664511842768 2.81236299071751 12.553481798619
7.8749878801743 0.255198844808131 11.1286553628743
8.71939433054485 0.122532801240418 12.3301987238228
9.88902323456694 1.69548246123347 10.2318568276241
7.66233710200253 1.429766163074 11.3550241878256
6.9950351400115 0.903427205527361 10.1619439423084
7.98969766660064 0.422090298712034 9.96755454689264
8.80405120517117 0.236981819761478 12.1678621061146
8.32641770272073 1.43484970353118 12.2135463161394
12.0623618918675 3.17477029958319 9.09415356069803
10.2360994426426 0.170266135200441 11.6488377694041
10.6864554774146 5.21123020979301 10.9120371937752
10.6024678699337 2.26111740433841 10.2374261552468
9.33305278521294 3.87836719952746 11.529662726447
10.3411915784832 1.12056345229192 12.9247548906133
9.54870122911964 3.29754022153382 9.06855246517807
7.8693392711933 3.83069106076955 12.0883035715669
6.46502527597665 0.930082789379485 12.5032820561901
10.3773174733252 1.80194174901577 12.8259695684537
8.96393002713016 0.999927838053228 10.6220710193738
8.60417038703465 0.705602407188543 12.038064817898
8.47904095925758 0.976775254787609 10.5028485581279
9.47703152934363 0.304768224257979 11.332498261705
10.3236852635345 2.27938710344278 9.60206049215049
9.31649193967081 1.24214943222814 11.3600271772593
9.9694751338697 0.427995984739601 9.42567648366094
12.3044362090567 3.63540897242885 11.0474983062595
6.9852037241364 2.42363970810731 11.8888464188203
10.2622517050446 1.79148645010374 12.1899965573102
12.3661277171202 1.13022615715723 9.49054698646069
10.8570003249219 0.891634955673835 11.0697293942794
9.21689890026735 0.245065559126813 9.57827065791935
10.2856819756211 0.319299005646772 11.1977873304859
13.4437824189706 0.49409250601054 12.195676648058
9.58341217965886 0.345713957873001 9.5811723805964
10.2156386978508 3.09223615712018 12.3313611354679
9.72150357888568 4.15351062719718 12.71107819397
12.4546859512598 0.222919481960655 9.58475072402507
10.270918270828 0.480486008996351 9.69712258782238
11.2921029408418 0.478679321688695 9.23561403620988
11.3227316706691 0.469656907511753 9.29660771694034
5.85200061228217 0.964121196437671 11.5426933681592
8.99170769026521 1.87822676892214 11.7439881097525
16.2624095080235 1.47580966503605 11.5986539358273
9.53368682779573 0.695678185043325 11.6527519291267
6.99363426388349 0.816012712850579 10.1225250028074
12.2966041015377 1.48799942815025 10.5998652363196
12.8855098554264 1.06575977686057 10.5849503967911
10.9231703313112 0.913575582739803 12.9125186633319
9.76045252454354 1.36573195588842 12.7505804440007
12.7506580891559 1.89113196920663 9.4278687601909
11.9100267887867 0.945574150553854 12.9358456963673
11.21868264872 0.462877555944475 11.0709145488217
7.74904370875684 2.32958619640562 9.75140817929059
12.1936597547841 0.626844057387659 11.886372611858
11.3393942337514 1.72406180047981 12.1659163683653
9.4911367750948 0.379247120031465 11.507635413669
9.41458786291728 1.99180670234871 11.3596696034074
12.6042700219071 0.607211332956848 12.6616289597005
11.018805819889 3.46478393227833 12.5778029244393
12.3560295830167 0.852948127772744 10.3560051359236
9.90198994561175 0.916036238995339 9.69438126124442
9.34344399468347 0.724122784704696 11.7439296320081
12.1869971019212 1.41742889459552 9.38579637464136
10.2355878626635 1.40095155328789 12.9238943960518
10.6623958409949 0.88057763681459 12.7031937036663
9.16071331573201 1.79744213825047 9.75722528900951
7.97481755060036 1.71492977996595 10.3017968665808
11.0454033856574 0.43807934118013 12.9110151333734
6.93292720489651 1.55782897116085 11.8779393872246
8.07824678565145 1.92494624206883 12.8336670761928
2.92743921198226 3.30854683102405 12.1257240846753
7.53836069396998 0.593629987040844 12.7619521524757
10.2496855052248 0.607149546774503 9.51425804477185
7.83689055334133 0.469900486663783 10.727951657027
7.47078475753546 0.604725393521877 10.7139741666615
15.8063091133125 0.765934058161926 9.64725005719811
13.0876256124906 1.02858761835926 11.9585261819884
8.55745286396532 4.56090332825637 9.57657761871815
11.5958869959016 0.588562863018483 9.09207825455815
9.70730068442925 0.716725076569695 10.0620742924511
10.9631329869431 1.01155713789957 11.7065808316693
9.25743145873682 1.10062900565239 10.849486283958
8.33356769560712 1.07527211891395 12.9599298210815
7.98126808650043 2.22476123048434 10.6799992844462
5.98224815247921 0.186923183119564 11.1252604983747
11.343664531896 0.221741192261855 11.5280889291316
8.57851001305252 2.56558888772451 12.6121389260516
4.90236643132616 2.51551176115608 11.7199924169108
15.0770043167435 0.930545715286058 10.8242059219629
8.78937663439982 0.204501973234402 9.14739844948053
10.3375877800777 1.49909254113775 9.3345791567117
10.4821241033591 0.774212110465332 12.657094405964
10.4988036470118 0.459147617229117 9.65620560478419
7.16303864532794 0.913785827331623 11.1809483217075
10.8318583137083 0.474538245450732 10.2645486555994
9.19220806631115 2.95914411281764 9.01568106003106
6.59199647364249 1.76452528004199 10.9230501903221
10.6258129314504 2.64776841989771 12.0682328222319
7.27966182148294 2.43037430264938 12.969633105211
10.8800304879286 0.29990479562188 10.1319224433973
10.7660455632073 0.501667330082765 10.9423241624609
9.87501828266141 3.36070157982179 9.107864853926
9.60361475843104 1.76712090748749 9.31230532750487
8.11689496714089 0.479062418829389 12.2412101356313
7.56283765879566 3.14382608695713 9.64276314433664
6.4904003897067 0.591735121076425 12.6822521099821
9.40116082056855 4.89981093810652 10.4179192362353
6.30221119535898 0.139704823168666 12.0609216494486
9.04980492826881 1.87720749163855 11.327348520048
7.47444121900303 0.324605522484368 12.886955242604
7.7268093531686 0.886833181098558 10.1529961675406
15.2158399861901 1.71069972441173 10.3576241089031
11.0534092322592 1.32404661484246 11.3392480704933
12.6787956478706 1.30482193676123 11.1280456054956
12.9710539594928 0.689597549123077 10.5945297013968
8.05408588752387 0.120176214113774 12.3294861530885
8.21347449687211 1.1727301515426 9.8734027268365
13.1843770558706 0.926089397215464 9.48353650327772
12.6711028304254 1.82007087118826 10.5252831019461
9.41335497645241 0.327875387762661 9.46216176636517
12.5540002195384 3.03711422727218 10.3045735117048
11.8131205157276 1.26014138506858 9.34822117071599
10.0798498126256 1.00734721260958 11.2779212519526
11.5977651129456 2.04296261983354 12.9407622478902
10.4188493832496 0.445722797776789 11.9074830310419
9.33504631497035 1.47994724680248 9.27336480747908
6.36473175567169 0.658720696228567 11.8719736402854
11.3678985065119 2.75687382932816 9.05708485562354
7.94284438153915 0.488431998203226 12.4629456494004
10.402989439802 0.394954683184763 12.2818671623245
10.7198213944813 0.217121857615872 11.2559184329584
11.3025552549563 8.80868224579247 9.58882225118577
8.03679420317731 0.564709199430715 12.8405765360221
10.1078575438637 0.152653100838563 11.2063302891329
11.6396092157537 0.168251155120332 10.8686229391024
10.3456235465897 0.71972291709994 9.16618076618761
5.72320237475485 1.17589612570208 9.51596621144563
9.45909548404622 1.46261136680151 12.3837038110942
10.8439281453986 0.482253113743337 12.8508864203468
6.94854079719022 0.748309184300582 12.3015330191702
9.06497772025086 1.06388261115195 12.5433380175382
8.72868024384101 9.04578131399056 12.7394119873643
9.99962722592285 0.928378154451289 9.39639941696078
10.2903435443023 0.669312687608748 12.7801318122074
12.3506016071199 1.66306138750433 9.53926595952362
9.65106267842936 0.284202387346329 10.7619793498889
8.55502233404115 2.21481740731651 11.7803428377956
10.8665834518691 2.0662786760633 10.5301272664219
11.7176255522276 0.192420063929383 11.1152888732031
11.3472738247934 1.73948200957154 11.9067984940484
7.6416716434608 3.59217050487301 9.21783664263785
10.6158710028977 10.502521697788 10.5705316541716
10.9211649539884 0.362894952152699 12.2484465800226
13.4257768264879 0.197808361174192 11.2546354392543
9.25430218980323 2.57453582019902 12.6489241123199
7.16437368482269 0.261703109106868 11.4976563835517
7.78820976632508 0.135086775024891 9.63106502592564
8.38108957411845 1.33288684953299 11.0504021337256
9.1926179377124 0.411815308462564 12.6979996236041
10.0537308049533 0.732572397715014 10.6417486984283
9.84678257080943 0.685030162140672 12.08167755045
12.5809595885279 0.431569576220829 12.6403007078916
11.535031231992 1.37305319271963 9.92285185307264
6.93134640058641 1.00092535110095 9.08698837179691
11.4130251137218 3.41988349722866 12.0906937988475
10.4595930731892 0.950210042776024 9.47447048313916
8.64985223739096 1.25589921710886 11.472637466155
9.45020680806533 1.79840162862291 12.7416980834678
11.5739792456245 0.513132216587917 11.2167408177629
12.1340235634666 0.718460263534121 10.7669709492475
10.1421228418583 0.993281105248457 11.487640818581
12.3155916262165 0.0823393010509433 12.1840361785144
9.19132289968965 0.540033054878325 10.3551292093471
12.7042951788214 2.69417958763509 10.1943513499573
10.4957114838227 0.464622010915086 11.5408311998472
12.3968558555334 0.144126717013477 9.4864120092243
8.78845552450321 1.86466686518289 10.4044016096741
11.6750272259652 1.37594266502054 9.83281908836216
8.47328633700902 0.59349535733717 11.7528780009598
8.59817628900167 1.33827869729504 12.3392643714324
11.9382975969283 0.847303743620751 12.249214774929
10.8739906095448 0.557636705224084 9.67046197596937
9.1704463534782 0.774398068961144 11.2036487888545
12.8947631183295 0.803261223605716 11.7029061038047
9.30393571710089 1.88435110872624 10.248372072354
12.0516981544393 1.30144532705851 12.7080212328583
12.545307796877 0.469881935730621 9.95151023007929
10.4301478888335 2.10833552153958 12.6639182828367
8.34222608371538 2.75398691399773 11.4284581039101
10.9961376821558 0.411525969177187 10.2503801528364
7.79306521625896 0.833637754493249 11.6134885009378
9.66506327636723 0.59545075507946 10.4713292494416
8.55192651965378 6.11471932504701 9.66842209175229
12.5341119766783 0.171332331145646 9.26549256313592
13.025928396097 1.37087792614957 10.4631418380886
7.15922116599217 1.15788817890208 10.3531385054812
11.1523998681034 1.12038588030452 12.9024160532281
6.63255066640821 0.591842729619755 9.42912061791867
11.6586095432157 1.16084651113048 12.1866045845672
12.0748956326116 0.193394248309998 12.9187755091116
11.2065466959064 1.0990773393606 11.5418757814914
14.3814401939754 2.07021854915662 12.7971817990765
11.877449775064 1.13799782322152 10.9518565535545
10.1855628824038 0.385774183602716 9.8415401885286
10.9589244119193 0.34533808125491 12.4324356075376
11.2896050549799 1.83468295600069 12.0207071248442
10.1075962745718 0.921785489023189 11.9488504575565
8.20618012814065 2.73580607346403 9.87992531433702
9.10765480533579 0.190625791007561 9.12597621884197
7.05545929324273 0.231270018950793 10.6704916683957
10.0671591472551 0.116027423295887 12.4649470336735
8.78436282806574 3.24985984842754 11.8854920119047
10.7296301324817 0.950441560913203 9.55045970994979
11.0066447660051 0.625500017229324 10.0665186028928
12.0648587239298 6.56505698483158 11.2099081696942
8.2571073477633 1.57152643475416 10.5369030982256
8.43859266174599 0.578353435987931 10.6973536377773
11.3421591371652 0.601114960536972 10.4246264090762
11.5352770236313 0.436618059993378 11.5408258037642
9.95277215385976 0.824610720205101 11.3651030333713
13.4718755425941 1.04131144836325 11.7973446492106
10.6792549921614 1.4105452503911 12.6829402018338
8.56654624653238 2.44844874800836 11.7390172388405
14.7095679884221 1.31203774777947 9.76812078244984
10.7816426333714 0.647938538967216 10.9419819554314
10.891969034271 0.171022442894357 12.3842401942238
8.50937712920897 0.533710594301863 11.3961783014238
8.55449656915115 1.4841681557127 12.9632549043745
12.3248099786876 0.832050005267081 9.56760795786977
14.0671200642768 0.401744202592057 10.3500308524817
10.0379391836417 6.53143602351126 12.9410025887191
11.7610489697037 1.5120095148383 11.0230459580198
7.37305346778697 0.370795472352771 12.5958417039365
6.69827030202515 0.718060158995841 11.334310981445
7.59475021857645 0.65747356915545 10.6154037686065
8.4358538942877 3.99616797379801 12.4512135880068
11.9369289991412 0.436937122362948 9.25233816262335
11.1205632189277 1.8582808984385 9.7387540191412
11.0008737966402 5.91451604104018 11.6013260791078
12.6967090952435 0.364476727441486 9.76324434857816
5.15842648080175 2.29541042790903 9.96680552884936
11.6785137072554 0.89092999539452 11.0307028535753
8.09280571827364 1.76544799500311 9.29845357593149
13.0764603207912 0.5119327485463 10.3107178537175
7.59094313026285 1.3611542396077 10.1618264419958
10.7243207843421 1.80656796835255 10.4509432101622
9.66788569154076 0.460011857526861 12.8371700039133
10.5934411478243 1.67483095770283 10.567265114747
13.1035491330999 0.4375595622348 12.7756887907162
10.3623920226405 1.77369271734384 11.9131650226191
6.73051944734467 1.38593634336977 12.2751314258203
11.0621508005975 1.26294232936022 12.5023271292448
10.0231286206671 0.408230336103557 12.8436078829691
12.6082277556666 0.617202654191657 12.8213184149936
9.81561308436055 8.13286670242 11.7168016200885
12.9225409326797 1.52209513048206 11.9019191693515
12.3653063308323 7.94285564902668 12.8159386431798
10.4849690192087 0.753539107421153 12.0477622523904
10.0312227914184 0.931385148023974 11.2253181850538
8.49461248894316 0.786430159006562 10.0839723665267
11.8116261327383 1.80165494724892 9.63324464950711
10.9229292862813 0.475954579480663 12.8276345049962
11.2938271581602 1.05782087845127 12.745335759595
10.8125339172727 0.514247498792402 12.4394917692989
9.61379563944489 0.429986728380374 9.89076368883252
12.8655812115631 0.640703958373723 10.0965841952711
6.68401929928137 0.517124786151201 11.5649580759928
7.47100721687336 0.982325617055271 10.3515844708309
14.2295300312614 0.876894172650617 9.94154797587544
11.0620689540449 0.103928589206759 11.0989150209352
10.2112552105822 1.17901467490205 12.122395480983
11.1809727592282 2.21669774709186 11.0743145970628
11.7067793107891 1.44956181872378 9.66589862946421
8.4071538932689 1.26075788014574 12.615478888154
8.13758946891906 2.16563903501384 11.8463139059022
10.3129350759824 0.777945402902552 9.98803246114403
11.6381936334865 0.956967224937688 9.28889326844364
9.78529447052302 0.519649324114283 10.0281061455607
9.04074874671334 8.06201887514474 12.4811225077137
11.6638925795769 0.844415655072458 9.30536897853017
10.7738135847294 0.48731929023193 9.04763018619269
4.78395251234142 2.15272418873829 12.8632266372442
9.87043059020291 0.3040244877824 9.64163710176945
13.6494561243517 1.6233201467126 12.0118901403621
12.0103202623876 0.231473646299644 12.8764901896939
10.2229995421817 1.20914398541558 12.1491861352697
10.2594641885568 0.91782347837081 11.091610099189
11.7819267470137 0.953342921442731 9.65696785692126
11.3503604605636 0.376696799783507 10.5831130770966
9.26262029237966 0.368185336293319 12.9220847599208
11.0579508097071 1.41979905620547 11.2232604017481
9.85526695115461 0.342202222509126 12.1881274459884
11.8615719209109 0.771503759816804 11.7536374740303
10.7261531689877 9.7485017649841 9.88108326494694
12.9056133433326 0.342355144599002 12.925817316398
11.1944320852607 0.668875498541255 11.5262885456905
11.383339656624 2.44592012240454 12.3135074023157
7.13165987335071 3.6761358253295 10.5576240541413
9.84959589064898 3.85339733170154 11.227197945118
9.28227306118211 6.28080771035859 12.117407515645
9.07739416502394 2.17400554211398 11.087721047923
13.1367999624655 3.65057250091232 11.9233581637964
11.7705188679435 0.273820059773305 9.64884418621659
10.0097468176392 11.0251195332785 9.76895461603999
10.6899239581285 0.877519929054911 12.0445375153795
9.85917517675684 0.128353547167558 10.459818707779
6.27444814859668 1.07430914536891 11.2026361208409
11.7611615175251 0.206602756391345 10.1890127230436
11.4123955780748 3.43025397006184 12.945206801407
9.69176360273087 0.370439268193972 10.4359563244507
6.93809009951233 1.09146027231291 11.392873425968
10.6839409808849 0.561463031173589 12.0149996783584
6.5808081472596 1.03556608302217 12.6767983455211
10.4920040671293 3.38765772491177 9.60513926669955
9.10148824861635 0.6958059378518 11.8151221834123
12.3300378693008 0.626039008667352 12.8541971473023
8.1890412098758 0.653468741844579 10.0988573776558
8.80220945231022 0.866056695041859 11.8618215210736
11.7761693964581 0.12872720865433 11.0453632269055
10.9350051868791 1.13477373843822 11.1874783355743
8.18902799287182 0.777941625640352 11.6635267026722
11.1538134126239 0.49541334431131 9.27809641417116
6.85867062027841 1.49010624367552 10.3716961266473
9.13377304973664 0.39650602795507 10.002090383321
8.34902953443109 1.16112456747861 11.4370730062947
6.01861619334553 0.904961608031075 11.4149215081707
6.00385368584531 1.44980149959743 11.1147457798943
8.26167169269473 0.661839319193849 9.33875512424856
7.90416806931496 0.95678329641776 11.3698590807617
8.93007568265019 0.186082036319408 12.8062111446634
10.3983044816023 0.788762704911321 11.9307292001322
9.58485105637244 0.459615052811087 11.4076371639967
8.67664555362999 0.422668859527218 10.8100420031697
11.9928019551702 1.07038248900059 12.7649934692308
9.82132774846277 1.21778693814372 9.41065768711269
11.8258356698527 0.460738307509836 10.0342412991449
10.8177274813567 0.681133003617604 9.68039927911013
7.50070088009959 2.03847254657193 9.45432686060667
5.38834612179701 1.00136873537811 10.7553743543103
11.4697246243621 1.18728709477626 10.1271494310349
9.69708086595645 0.771395704163931 9.94015715364367
9.85528454006414 5.71315177115626 10.1221152488142
12.11736156409 2.81257718533558 10.9363335790113
5.49449219988841 0.237470527589681 9.18742233142257
6.22640385336057 3.37092654698081 11.4707402698696
9.58628985819463 0.684062467030396 9.18173389695585
11.3728632703867 0.645670904468584 9.14725557062775
7.48997838938127 1.02109609420821 10.0756464069709
9.53789066579027 3.48306167718139 10.8928531799465
10.4456321582039 2.23921633966438 12.0831261435524
11.3143496380227 1.47809608910769 10.0710262609646
9.62785456731003 0.239946686969833 9.40667732711881
9.61397747813408 0.494414590680892 11.4025591006503
9.10536740749068 0.0555606995410657 11.1547668380663
13.1998513704221 0.701203648856029 11.3577601276338
9.57355112915774 0.411497874573826 11.5035832114518
8.2985280011464 0.280158004591827 9.08252355270088
8.57659644869152 0.441075038494076 9.74240403436124
9.74267381621298 6.26864385030286 12.4674059348181
8.84902876731582 0.221431690808205 9.64755580108613
14.1676371120099 5.73566287616413 9.30726060084999
10.0062320805016 0.539093124145832 9.13877637404948
14.7364407511273 1.50386483139957 10.8100365642458
10.1385170991295 0.97442793022296 11.3332105521113
6.69450929783774 0.145863705377167 12.7462680861354
8.14516352787549 2.53811028618846 11.2409075349569
11.9737407472796 0.467527725629268 9.49560925643891
8.25414703288479 0.251337558816247 10.6309542870149
7.8807803246513 0.897356604533104 10.622376495041
14.6406889109416 2.50826680790862 9.32504820358008
11.318041058711 3.28419692017507 10.6608344968408
11.8259908059262 0.140662283281191 9.69688599929214
8.96336945662316 0.646235477515087 11.1893648654222
13.0540395346193 1.4531441296776 10.0392953017727
12.5590922185451 0.221730384685372 10.8831627313048
12.2606558498902 1.15860775612501 11.9873482538387
11.2944691864533 1.92360171620346 11.6397596625611
8.25174429706274 0.307211561494353 12.6708477754146
10.4025908356595 0.287197883308819 9.18457312881947
11.0337393885618 4.48988124253879 9.67258977983147
10.4963427612094 0.892980358430807 9.88394893053919
9.21200089910609 1.30579940944081 10.6258034976199
11.3817397258163 0.901648335584791 9.90573855023831
10.0667488849936 0.915831146415945 12.1759343706071
12.5007656980894 3.91436453260089 12.6541265780106
9.23445582458201 0.889725246139221 11.0531226871535
9.09403926236874 2.46840442282548 9.87661204114556
8.01406596799581 0.689246415950485 11.0625215694308
11.7398524467094 2.33808733858102 9.91412974335253
10.5599899301546 2.22880337735685 9.03588780108839
11.895198425205 1.78740196411991 9.32630067132413
13.6565162315132 0.184977748242327 11.3973889257759
9.36774079760527 0.823186917340223 11.8088480615988
5.08677360634462 0.748142719137987 11.9134460045025
10.9718593133641 0.642457983997812 12.3921981519088
8.45731250422041 0.146805194576209 12.8519893493503
7.38480291372492 1.46352283913341 10.8287030113861
7.69785566271452 0.319734490439791 12.6235738955438
12.3241907607708 1.75754531130637 11.8008551895618
8.521483192862 0.847981200732734 9.80559697188437
11.8076709716563 1.63449225240083 11.9327568877488
9.88947570391149 2.02062725908362 11.1348317461088
7.9097729369455 0.367409783529438 12.7361679784954
10.0738609516341 4.27034728094184 11.9623207645491
9.61254422910405 2.13390996413993 9.12037089373916
10.6549858650093 0.687153127403444 9.56674587912858
8.59027099810566 1.67891314531799 9.71191670745611
11.627500364947 2.15819714101696 10.6623666780069
8.22115543409186 1.23545226006997 12.1438272371888
11.2595293622679 3.66656651883976 9.75970175955445
8.52225266870341 0.243001545278681 12.4121559578925
7.86352089076131 1.34810509519211 9.39485537074506
7.7005116635603 0.137225749569355 10.8855790505186
11.645682882921 1.96844962717379 12.6534973792732
12.3362999695303 0.356127854595674 10.3194759357721
8.07783591803724 11.7347133173128 9.55214046966285
9.98913434819016 0.240219230527825 9.95947564020753
9.4260626512854 2.25057936720396 11.7189545975998
10.7144770238484 1.41199661064962 11.3824998736382
9.46754081706982 0.759159437242336 12.2184981647879
12.6154341441188 3.46067111983412 9.1758897928521
14.2931446123121 3.46544717166898 9.39404611010104
8.97814056660419 0.525656755252553 11.5092737497762
10.3916852664708 0.964779290814241 9.69503964483738
14.1380119963521 0.883196214972954 9.79451111797243
9.87975859044065 1.27597497041533 11.0716641843319
11.8199382045415 1.54527887961022 12.1488337032497
12.2053151429836 0.647956757974144 11.3564019296318
13.929210936544 2.74746527293299 9.39560617879033
10.3863778466572 1.61279053406086 11.0374025637284
11.3464286571746 3.3043745301006 12.0166391059756
10.4843991063423 4.25507900295365 10.7986906822771
9.4936691500042 0.279367550548471 11.3522511394694
11.0237803037333 0.801164563676439 10.0702415416017
8.57936298524062 1.21311171756399 12.1132669150829
13.1982087579247 0.524424243705265 9.59158284775913
11.8878673857962 0.685158076156751 9.12514144461602
9.65038854189763 0.82932031230046 10.2294454667717
7.58003317214185 1.31797491788562 9.73158320877701
8.57891903721004 1.47778407620338 11.0143974451348
8.01292399542795 0.243726037032127 9.23813461977988
9.66557485011174 1.09605177491119 12.5736420713365
8.52919476813699 0.462037198568139 9.71811452228576
11.9025925577352 0.133535171028695 9.53212594520301
12.9287547365233 2.48728126675149 10.6319664921612
14.3502001919056 0.684097088673221 11.3873868975788
9.26197860528224 0.746801424477307 12.0579655738547
7.22562045910041 7.57066209557332 9.05701650679111
11.9442310738596 0.0864481507483513 10.324092997238
10.0898109160972 0.86771384078885 9.55668590404093
12.1657035154129 2.91545670621334 10.1290261112154
7.42163156540086 3.2615855446937 9.75782858766615
10.3462045752143 0.611674502003728 9.31908051948994
7.22841192850933 1.60616672922362 9.60405298601836
9.06241893077636 0.172642402604574 10.77850705944
10.1522079542585 3.31161479299162 9.92694201041013
12.5029042147366 1.56113062777755 11.9497394533828
11.7664304684896 2.62177200341157 9.4244465008378
11.0207198150341 1.17852354303369 12.6545640761033
12.5654444821495 1.43898386866348 12.0393249113113
12.2299155921651 0.557517412598252 10.1185106765479
11.0119615053248 0.480598228266121 11.5264189606532
9.45677715663983 0.357234557668968 11.1161102121696
8.75631730490257 0.388055051646097 10.0569884646684
10.7489793009404 2.37711196072685 9.30739981029183
9.6583789320743 2.67944638685147 11.74749759119
11.4280636074212 1.14398068881052 12.3767551714554
7.95148809044667 2.45583200571212 9.23317739367485
10.3887917634411 1.03376395490203 12.6423465861008
10.7862232264648 0.228302465721693 11.6924694431946
10.8393756950794 1.06855656953542 11.5357832051814
9.06323541054868 1.79222181136858 9.56463483348489
11.4355645583353 0.0970858039931095 11.8043021680787
10.0471354763311 2.32798498482801 12.0141988107935
10.2934306907371 0.483198000042907 11.4924868419766
12.9577968280049 0.471054902928655 11.5051710596308
9.79718997947587 0.833682287672946 11.8371529364958
9.69641391130247 2.0303258504241 12.2574083795771
9.29652218211336 1.74573710855811 10.452513281256
10.0430402083296 0.123764213539306 10.4417011309415
11.6501392303754 0.240968328088819 10.1798396622762
10.3084418213491 0.230194471533085 9.16822480130941
9.75107842620238 0.498200551536058 12.2237702347338
8.89587611914675 0.241689930333868 11.9083006624132
11.5961065695274 0.650012530824873 11.6953845862299
10.617407865373 0.285913513453431 9.98193532880396
11.6769395727286 1.03676274274654 11.4784673033282
5.89442702970954 0.342039312481993 9.28726933710277
10.2325488368408 0.591052617196982 10.638639642857
14.7569125153703 1.44902368643939 9.76473356317729
11.9397029818666 2.22655086070946 11.9423308325931
9.5724281232468 1.56637405311469 11.1438999893144
9.65517824360357 1.76302733579522 9.40775295346975
11.2154703656874 0.281717397905653 9.1753840977326
10.1960991314745 0.959999642070845 10.7580746663734
10.884943638611 0.505905198567114 11.5658044619486
9.19122865365741 0.555579544311113 10.9328637439758
8.29484782621243 10.7775644954962 9.26914941705763
10.548143284565 1.56679961014672 12.1547272633761
9.06939456698754 0.889174715840734 12.0624008206651
10.0343828043379 2.71828061014314 10.4777492973953
9.19013028199059 0.144897980076264 11.001449322328
7.14158770921679 0.782495003037997 11.300055433996
11.5988122435562 0.758295546150576 12.7194802528247
8.09563794073777 4.47033662969731 9.26884631905705
8.78485404196144 0.302187120760355 12.9787707766518
7.68974779193104 0.381893302413791 9.28481010533869
12.426514394408 1.04105993940073 10.4342236006632
11.6079290568341 2.8808433017792 10.5657414998859
10.5331776025131 8.95063004605852 11.1645911885425
10.5270104018231 5.33586425453376 11.6136465426534
9.37485464372404 2.15086541490851 10.6433989703655
10.9243671888961 2.46963231325974 9.5013394812122
11.4843032790158 0.170351814591213 10.322159325704
8.48598053406338 1.19762683970859 10.289831536822
11.0812091060068 0.334962689368807 12.5229796757922
11.0186229963345 0.287437684984326 11.264501192607
8.13281330623391 1.82213442121889 11.3822022974491
9.1072050083173 2.27944733380966 10.6595322676003
9.7139751106227 2.32383158902828 11.154413215816
9.47093125559145 7.17816353579149 11.1383919836953
14.3263053674769 0.866222676754461 10.7025535320863
7.83034582316541 0.304162295986592 11.3266404140741
10.7139729875846 8.60318040865859 9.9123439155519
9.85818517777183 13.1986710704993 9.82783421501517
11.2115270436556 0.443815342460927 12.4777759918943
10.7251131892207 0.923787036904581 12.181807635352
11.2276238058268 0.699194944671594 12.7710115229711
5.37896332863747 0.144281347514171 12.2192951897159
10.4213983899528 6.80491848725165 11.7332019135356
9.00417008282113 0.685346755461236 9.23070160672069
10.5691926946663 0.247155933257672 9.85135497152805
11.6842408898999 0.927860723063127 11.6836546929553
7.146306621062 4.38304923296273 9.8409866951406
9.49480945824334 1.45453727865882 12.1637731669471
9.3039230839793 0.993067993811761 10.0852310676128
11.545223322523 12.9046073723646 10.5691172098741
9.56799230262946 0.47867562667351 12.7744050966576
8.21595388928858 0.290162637791267 9.98623975925148
8.6026453082027 0.682657196107051 9.87460908014327
8.43548480895183 1.15510971764468 9.10812235064805
11.1658738859933 0.258118116134642 12.7919830568135
12.9027214582126 0.902606714299294 9.58673142082989
9.70968700358635 1.19584279197073 9.27368371747434
10.7481770838239 1.1485646692326 9.84844327811152
8.40158599468878 1.44306961365345 9.39107787981629
13.2934768488807 0.227400940329571 11.5534115554765
9.94623885365745 0.409551052537729 11.9525596834719
5.87525862254111 0.293150401644257 12.2110300343484
8.54637649436693 0.210328289079022 9.65817370079458
12.5293892869042 1.39134167856316 10.2613379694521
6.66166724709699 0.469174716115383 11.8312923405319
7.63040874151954 0.352687960909624 12.5413551740348
9.31708541307871 0.686376154087397 12.0553461154923
10.0343007602073 1.45026577208694 11.4575990354642
8.60742651312149 0.377906398437081 12.2870946433395
